27.261150400000002 Training_Time (s)
17.009905399999997 Test_time (s)
0.9676820701081841 Kappa accuracy (%)
0.9709980677764566 Overall accuracy (%)
0.981464116639978 Average accuracy (%)
[1.         1.         0.99898167 0.97546898 0.99586777 1.
 0.99859432 0.95547823 0.99886529 0.9684146  1.         0.99582463
 0.95499451 0.97840376 0.88642966 0.99610245] Each accuracy (%)
              precision    recall  f1-score   support

           1     1.0000    1.0000    1.0000      1996
           2     0.9992    1.0000    0.9996      3704
           3     0.9939    0.9990    0.9964      1964
           4     0.9919    0.9755    0.9836      1386
           5     0.9921    0.9959    0.9940      2662
           6     1.0000    1.0000    1.0000      3937
           7     1.0000    0.9986    0.9993      3557
           8     0.9219    0.9555    0.9384     11208
           9     0.9968    0.9989    0.9978      6169
          10     0.9863    0.9684    0.9773      3261
          11     0.9935    1.0000    0.9967      1063
          12     0.9927    0.9958    0.9943      1916
          13     0.9775    0.9550    0.9661       911
          14     0.9766    0.9784    0.9775      1065
          15     0.9307    0.8864    0.9080      7229
          16     1.0000    0.9961    0.9980      1796

    accuracy                         0.9710     53824
   macro avg     0.9846    0.9815    0.9829     53824
weighted avg     0.9711    0.9710    0.9709     53824

[[ 1996     0     0     0     0     0     0     0     0     0     0     0
      0     0     0     0]
 [    0  3704     0     0     0     0     0     0     0     0     0     0
      0     0     0     0]
 [    0     0  1962     0     0     0     0     0     2     0     0     0
      0     0     0     0]
 [    0     0    11  1352    20     0     0     2     1     0     0     0
      0     0     0     0]
 [    0     0     0    11  2651     0     0     0     0     0     0     0
      0     0     0     0]
 [    0     0     0     0     0  3937     0     0     0     0     0     0
      0     0     0     0]
 [    0     0     1     0     0     0  3552     1     3     0     0     0
      0     0     0     0]
 [    0     3     0     0     0     0     0 10709     0    34     0     0
      0     0   462     0]
 [    0     0     0     0     0     0     0     7  6162     0     0     0
      0     0     0     0]
 [    0     0     0     0     0     0     0    73    14  3158     0     2
      0     0    14     0]
 [    0     0     0     0     0     0     0     0     0     0  1063     0
      0     0     0     0]
 [    0     0     0     0     0     0     0     0     0     0     0  1908
      8     0     0     0]
 [    0     0     0     0     0     0     0     0     0     0     4    12
    870    25     0     0]
 [    0     0     0     0     0     0     0     0     0    10     0     0
     12  1042     1     0]
 [    0     0     0     0     1     0     0   820     0     0     0     0
      0     0  6408     0]
 [    0     0     0     0     0     0     0     4     0     0     3     0
      0     0     0  1789]]